.Random.seed <-
c(10403L, 52L, -2015496784L, 709590222L, -695977415L, -314459061L, 
-1418977798L, -897558276L, -2088100545L, -396299755L, 776853804L, 
1658591746L, -1532241699L, 1299151831L, -1189779778L, 1367884024L, 
37822171L, -1765636807L, 320385160L, -1194825674L, -167555983L, 
1660712611L, 812284914L, 1057464132L, -1552248825L, 1277742557L, 
441334484L, 1415562746L, 1760422213L, 1449242015L, 1211682598L, 
1878466480L, 1590066259L, -1513801871L, 168824480L, -1311157698L, 
720353609L, -184915973L, -689067062L, -375126740L, 255867183L, 
1964763109L, -2093123940L, 322314994L, 497304429L, -1182081881L, 
364246734L, 888261672L, -1795690453L, 657007177L, 2092403544L, 
23512582L, -2134552607L, -1552810637L, 1821791714L, 1868994900L, 
637814871L, -586566579L, -1034680348L, -646294070L, -1865237451L, 
-821650801L, -342076522L, -683385024L, 1241412099L, 2100398113L, 
1637065488L, 1370833134L, -1028759399L, -511621845L, -1762198502L, 
-1242214692L, -1855527201L, -161640267L, 778851916L, -1633404254L, 
-1964678659L, 1195043575L, 2022276126L, 93075160L, 1788439099L, 
-1565095975L, 890228072L, -2026455914L, -167888367L, 1742451651L, 
-37826606L, -1811019164L, 1263389095L, 1141794557L, -503323916L, 
-247142950L, 839432485L, -523395009L, -771579962L, -394656688L, 
-621467533L, -276829039L, -1348236096L, -1222689122L, -1757834647L, 
-1038970213L, -688627798L, -337876020L, -2027805041L, 1847588549L, 
1323187836L, -831909166L, 676238925L, 389266183L, -1675624722L, 
-1272169528L, -1910551349L, -1776765655L, -1633200776L, -1940960602L, 
-608719679L, 574704979L, 30984706L, -971025612L, -1785708361L, 
-578361171L, 1392842180L, 2028332522L, -247432619L, -404225041L, 
1736745974L, -931752672L, 458963683L, -429581439L, -1370456592L, 
1400939662L, 992046073L, 1741851019L, 861124026L, -1469604676L, 
2120937471L, -1407349419L, 1882271340L, 1602382530L, -909120227L, 
-915217513L, -185698562L, 1834329272L, -624585061L, -1884310279L, 
-1556429240L, 1971626358L, -1282471759L, -2004398877L, -656213070L, 
-917724156L, 2019256135L, 1144733213L, -2147429228L, 1198502970L, 
-329576827L, 506949471L, -153669658L, -1913716112L, -1932991085L, 
-1655246287L, 2128408800L, 889727358L, -829993975L, 892542011L, 
-894787062L, 1828858348L, -1383010705L, -2031238747L, 1063442780L, 
-1599388366L, 1715764269L, 720769767L, -638248946L, -1187214872L, 
-94909461L, 1955034249L, -837521384L, 1764142918L, 61533601L, 
-1360354253L, 1586948514L, 1955613844L, 561539863L, -898423539L, 
-1259629532L, -516865014L, -619095691L, 1252196559L, 1642935254L, 
-558519424L, -91447357L, 763599201L, 1039331280L, 271312686L, 
-2064942375L, -1783932693L, -1990940326L, 1270248220L, 332539423L, 
472284789L, 1681251084L, -987015454L, -281494595L, 824990775L, 
-790786338L, 1642064408L, -1122355845L, -481301223L, -924077656L, 
-1348516522L, -1679116847L, -809775741L, 1703351314L, 860118948L, 
1953757031L, 960308413L, -710929356L, 300570522L, -999226395L, 
-1338638465L, -1007739130L, 1453283472L, 1503949107L, 1679648465L, 
-317819776L, -1867582114L, 1374407337L, 1132030056L, 1148947532L, 
644200700L, -199013390L, 552167680L, -1742659212L, 41980936L, 
-121544774L, -2084728368L, 1790974956L, 299354516L, 710930898L, 
1123553632L, 1972678476L, -934954720L, -1573034110L, -667480344L, 
-1425121044L, 1139397692L, 926948210L, -836090256L, 245623844L, 
933126968L, 1705872538L, -972395824L, 1384739004L, -410194284L, 
1583382146L, -981731136L, 845523772L, -1845527408L, -1642934750L, 
-805937144L, -1697454836L, -1274661732L, -2005168622L, 2033663872L, 
-1625528812L, -945700312L, 161471802L, 1032499664L, 1473158252L, 
-539993804L, -1148633454L, -1116695712L, 535683916L, 782321632L, 
949295010L, -874502232L, 329366924L, 1061163196L, -1490742926L, 
-966726416L, 2111590468L, -1143723688L, -1424904646L, 1044417392L, 
-1148336068L, 949942036L, -32592446L, 388289248L, -989675652L, 
-1936302384L, 6787234L, -1389865944L, 313234700L, 2110353340L, 
-1783123662L, 1099035072L, -535008716L, 252969928L, -12062534L, 
-1234548336L, -1743984148L, 1758984788L, 175814802L, -1835542752L, 
1636594124L, -1384565280L, -518412606L, -721314776L, -1566442836L, 
572040380L, 475148786L, 240959792L, -739312476L, -1607979336L, 
46853466L, 1255480720L, -2113586308L, -374099692L, -470805694L, 
1695103744L, -1125128260L, 1065084752L, -481352926L, 2080265544L, 
-636915188L, 123836508L, -937655086L, 357458432L, -733751980L, 
1343996392L, 1487924218L, -837545776L, -1355666132L, -542178572L, 
482501010L, 911070304L, -1483141876L, 1707029216L, -457436830L, 
165001896L, -1582423476L, 1510078844L, 94862642L, -855977872L, 
-39997628L, 1203578328L, -212829062L, -164184528L, 772051644L, 
1421420372L, -481934270L, -563331680L, -1407374660L, -1597189680L, 
-1957624478L, 1080659944L, 1713291212L, -261490948L, 708958706L, 
-1059221376L, -785404684L, -555217272L, -2020802758L, -1852908720L, 
548499052L, 1728235668L, -833185454L, 550606560L, 410213068L, 
173310112L, -339276926L, 1126687464L, 383075052L, 1044098108L, 
-210650510L, 70485104L, -2025816540L, -1607623624L, 1671497754L, 
1481308880L, 1148050492L, 1164453012L, 1599249538L, 1346117568L, 
-1168412356L, 761756304L, -1770327006L, -747203576L, 174745740L, 
1467343900L, 560053906L, 1219871872L, 1397510164L, 798563624L, 
-219701702L, -1264399152L, -2133957524L, -1975012684L, 1729241106L, 
699766752L, -2139285556L, 803737056L, 1111492130L, 640172328L, 
2058492172L, -1425807812L, -559058702L, -1551207696L, 561693508L, 
-41786792L, -1708635590L, 16252656L, -471731012L, 1222465044L, 
1104394434L, -1572042656L, -1527884420L, 1159582928L, 1533484066L, 
-235126104L, 1394943884L, 786018748L, -327986126L, 132011840L, 
195618996L, -2000110776L, 1581292218L, -135276784L, -567164692L, 
1439093844L, 68247314L, 2013027232L, 1731133388L, 1189919584L, 
-826060606L, 1288709672L, -842357332L, 2127159100L, -1931540622L, 
-595977424L, 751583780L, -343648200L, 1465607386L, 354773392L, 
1720846076L, 1167650708L, -890279102L, 338387456L, 1490106940L, 
-757105072L, 53803682L, 1639045960L, -1612619252L, -1403114276L, 
1557587809L, -2053979226L, 4271524L, 286454869L, 236611839L, 
815275416L, 1509947062L, 2114606915L, -611878267L, -1547800798L, 
720808976L, -1036075079L, 1887219819L, -1108239524L, -1056646518L, 
606316159L, -504440887L, 1318870110L, 783832844L, -1621633315L, 
-1557336089L, -1725815792L, 800794926L, -133149221L, -341450051L, 
-1939142614L, -1392807736L, -1487358479L, -37964957L, -1988312220L, 
-651183470L, 1747244903L, -493663951L, 629715574L, -1177922668L, 
1166202789L, 1322092719L, 1079362920L, -467778234L, -247896845L, 
711154261L, -1140165070L, -143731712L, 2021079273L, -1475637413L, 
-690304596L, 1990359482L, -2105530513L, -707602183L, -1883791986L, 
1223872604L, 1357017805L, -605534665L, -1523106624L, -1982352482L, 
1688068203L, 968564717L, 1562083930L, 1197294872L, 1456091777L, 
967655475L, 259540564L, -1498934686L, -1827318537L, -39022783L, 
-548262458L, 2001436420L, 419936949L, 1078719903L, 1279887864L, 
51578838L, 650023523L, -314815963L, 79851970L, 811824816L, -1814925607L, 
-1632896949L, -226384196L, -1723972374L, 1458311455L, -1778540119L, 
1832159038L, 252670508L, -304701315L, 2036630215L, 496942000L, 
-2011730482L, -280076549L, 958375261L, 1720249994L, -961729368L, 
498759697L, 1412778243L, 349381636L, 2067778610L, 912991367L, 
124055761L, 81371734L, 1657801268L, 387821893L, 65178511L, 346631944L, 
1385830694L, -211007021L, -2120277195L, 1312469650L, -1774164384L, 
-995500087L, 1155403515L, 1670074572L, 2080819546L, 2059773007L, 
823404825L, 596824878L, 736967996L, -662721875L, -610556585L, 
95540384L, 867787262L, 157174987L, -1759622451L, -1607064070L, 
1204635192L, 1692306401L, -1849174893L, 94490292L, -1656572990L, 
2051590103L, 1801127969L, -1892483098L, -1364256028L, -1742131691L, 
-432867777L, 881649112L, -1783362570L, 351372291L, -165959867L, 
